1 1980 1 0.0330618987537257
2 1980 2 -0.00133710485336280
3 1980 3 0.022450898701436
4 1980 4 -0.0640193636098978
5 1981 1 0.0310148232403051
6 1981 2 -0.00345927366865340
7 1981 3 0.0319248163219292
8 1981 4 -0.0672786001950243
9 1982 1 0.0392498250531901
10 1982 2 -0.000207960737764523
11 1982 3 0.0331178444230353
12 1982 4 -0.0627319715035526
13 1983 1 0.0352139426096620
14 1983 2 -0.00636964651644689
15 1983 3 0.0356768184058645
16 1983 4 -0.0686643961902895
17 1984 1 0.0312585007430464
18 1984 2 0.000208481008133532
19 1984 3 0.0426655756040972
20 1984 4 -0.0545556239368956
21 1985 1 0.0363533294234841
22 1985 2 -0.00130274612843095
23 1985 3 0.0422166829626782
24 1985 4 -0.0636276913086853
25 1986 1 0.0521190900427868
26 1986 2 0.00443450966654879
27 1986 3 0.0608062201249489
28 1986 4 -0.0540250715307522
29 1987 1 0.0478810296316823
30 1987 2 0.00767879132431304
31 1987 3 0.0458453858470449
32 1987 4 -0.0547724423382405
33 1988 1 0.0462471206325183
34 1988 2 0.0103767332742635
35 1988 3 0.0495398289936944
36 1988 4 -0.0551575235597284
37 1989 1 0.0538825909081275
38 1989 2 0.0117813330780727
39 1989 3 0.0316123438570663
40 1989 4 -0.056896547982781
41 1990 1 0.0474654104617294
42 1990 2 0.0120636895655259
43 1990 3 0.0272780842037008
44 1990 4 -0.0616557051158075
45 1991 1 0.0498396326022537
46 1991 2 0.0116600638391553
47 1991 3 0.0337637237653112
48 1991 4 -0.0610942244827513
49 1992 1 0.0524134697584238
50 1992 2 -0.010569645561457
51 1992 3 0.0210588553035684
52 1992 4 -0.0896662706709144
53 1993 1 0.0545152594641429
54 1993 2 -0.00252967030589701
55 1993 3 0.0283623875756014
56 1993 4 -0.0836142284004353
57 1994 1 0.0709044287331473
58 1994 2 -0.00374731534250827
59 1994 3 0.0366771476684988
60 1994 4 -0.0225266773019506
