0.753311046217783 -1.48227491274074 0.197526281696195 -0.0659422836547027
2.01435466569865 -1.12664844337230 1.18170978067331 -0.785876668506505
-0.355134460371891 -1.76384328816407 -0.7006546396396 -2.94319389477141
2.02816784264222 -1.06261907921087 -0.60668499749769 -0.627659271278505
-2.21687445114244 -1.34299923949433 -0.505691854413759 -0.553162634374781
0.758396178001042 0.75499616368565 -0.820823512737357 1.48961190078680
-1.30618525901170 -0.641488897119284 -0.236121136178757 0.887638190472235
-0.802519568703793 1.43113232680283 -0.76970360331065 -0.328400349680381
-1.79224083446114 -0.624550715533016 0.719994361384941 -1.28334613607347
-0.0420324540227438 0.228994835913877 1.27995051677442 -0.0143846660248952
2.15004261784474 0.263180523648015 -0.993679843206021 1.00533794161294
-1.77023083820321 0.429218298645962 -0.90608870255214 0.403112850999768
0.86465359456539 -1.48422012243594 -1.31823035533395 1.43250807793894
-1.72015589816109 0.180008373889869 1.93449431357851 0.137341139238348
0.134125668141181 2.06106033888960 0.678062585563183 -1.34150706461528
-0.0758265646523722 0.725601620549376 -0.402475846197943 -0.486983894512535
0.85830054437592 -0.488733903182618 0.185543893131347 -0.899961461187438
0.344900348102270 -0.48412126022804 0.399844594857609 0.320480850960210
-0.582452690107777 1.84559358619520 1.64399543506356 0.314729922388788
0.786170375925402 0.51543420947092 -0.0621489942786565 -1.04079373786278
-0.692099286413293 -1.11478738283505 -0.316412768976859 0.385444205622106
-1.18304353631275 -0.310148921406503 -0.145664989288422 0.797554772638084
1.26885070606311 0.0914314711285621 0.703607176191254 -0.553701810045315
-0.312551546011150 0.644317276683451 0.191685240548738 0.177313212434988
0.0305712590978896 0.374834480973148 -1.22787979845534 0.0429850393379165
6.05259269311748 -0.773689698935534 9.57892452300897 -0.1961569186557
5.18328929956235 1.23352810034305 5.77997236245209 1.19612108096376
8.98558168112655 0.637943591350188 7.59385519247503 -0.495029486443754
7.81676352722816 1.02742589003499 8.48002687597405 2.19175488676206
6.00035858162627 -0.221802588014138 7.59464817023523 -1.24046986768681
7.5611222456469 1.14225973845250 5.99231296681058 0.624543059061642
6.21994870417258 0.258899904765721 7.65147571630032 -1.49897569097527
7.67825501438526 -0.497554111364041 8.51217968323427 1.34527952005807
5.94755559061777 0.372102464850655 7.11248412877357 0.674458380585369
6.29584374205888 -1.14349216265980 7.15510264073353 -0.657825705858419
6.04935063428379 0.682961179363448 5.5293204291007 -0.348781835010634
6.8133342954608 0.773203125369953 5.13449757130369 -0.165434310000102
8.23194397896305 -0.525245197196788 6.87018526108316 1.3279203319311
5.6422170040402 -1.12170194880946 7.01221534454732 -0.226624012708033
6.68919299123863 -0.49951422256659 5.29211420651251 -0.395264738866857
8.07223372788143 0.350968937985019 7.52111305622815 -0.672706824201548
5.312049301971 -0.180223224513139 7.94822721434689 -0.366921609189166
6.55070912546376 -3.14878681815321 8.47561012283989 -2.78482453582
6.78218145224067 -1.35657585361655 7.71725974525677 1.53205978590972
4.94988812813478 1.03424376373775 6.02237339891076 0.203211547148919
0.0856964087234798 9.02107798782357 -1.25426414872494 7.65050151485369
-2.61922662805158 8.29189399526495 0.217840861689736 5.35308556633512
-1.35998226149043 6.7392391171599 1.05082593899740 5.9132733365976
0.904010209523764 8.33885219439651 -1.52983228781563 6.39178027835298
0.245495923940593 7.57186477758663 1.05525600889197 6.73143234387508
1.20973225611035 6.91505923851952 0.063481247209465 7.1894975614244
-0.148970013643498 8.98849597321259 1.50878164070168 7.55998332266156
0.282123043894734 8.47326724517321 0.178681876129666 7.65290541061419
0.742066005385613 8.23427211135984 -0.0135920696625423 5.637197289917
-0.511361621388162 7.21637615906479 -0.119105513036055 7.96694704677978
0.95662775283464 7.2891377322393 0.237466674011916 6.52288407921391
-2.18050194929714 7.54895320442891 -0.266056927702028 7.28060060007017
-1.94257676075831 7.5066020961368 0.769732618998639 6.98787123415935
0.81291757772233 6.41900822126234 0.84558564875978 6.47012742452557
0.974892458607518 6.24541885786414 0.456373422012645 7.87587172868539
0.811235082185407 7.73122170526933 0.149393568754746 6.19518862138508
-0.783950046909513 6.74025094977675 -1.60989586698321 8.70355626821978
-1.08708207867989 7.72143044256743 0.121843977425843 5.5913730169255
-0.166288412500748 6.33011360940105 -1.14416780976046 6.50928463322822
0.596872547540585 6.3555937884456 -0.744977150560808 7.26619047957634
5.17793925095567 6.91449661544654 6.34949885533834 6.99375908396642
8.52879383931158 6.12822363010727 5.44798594992 8.01498546525642
6.72893493202532 5.80965220951941 6.61474124419993 4.42802503405893
7.39062756807925 8.0123577604895 6.03346175410745 8.0414625615213
6.29317217692275 6.58238902636967 6.2146649179573 6.76708480057954
5.56580694602664 6.48588129742807 8.068120573549 6.29060331711465
7.37913638569772 6.30940176796793 8.34807879129705 6.02628861048389
8.00890087600012 5.70925608545645 6.46981897172305 8.38533580288428
6.35427033460436 5.47234688889425 5.41079975631868 7.54222071853951
6.54642496913728 6.37263369704307 5.75511003094093 7.70674039574154
6.78148446984499 5.72509128845907 5.31749790963057 7.59832703183823
4.60094595344327 6.98242783099914 7.16890428705285 7.55737387076685
5.77458292262595 8.29122447903801 6.64439858328607 8.10012142132296
6.94768332978862 5.34495655282913 6.16149062014665 6.42319244356737
5.10718899551133 6.35394789635682 8.63949059179633 7.08931867449318
6.49329048717205 7.43146377192334 6.75419384260255 7.25266384687045
7.13746432309539 7.0189092955118 7.83288766378881 6.90906197377761
7.71377066808092 6.64729527073574 7.63426509509776 6.83740701032037
8.81802012627279 6.47225835848037 6.59408694661289 5.69952327183612
6.83972158315264 5.15677843126397 7.65119446432668 7.19459283090678
8.50454451188121 6.91843698471558 7.91941786201386 6.06774170985632
6.07634249760777 7.30518706063209 8.63400219374145 6.83469983001363
6.8142080397509 8.42206080908475 6.91370936545575 9.41343827545342
7.46892047513062 7.09445520250565 8.02130480171076 6.64745729742526
4.46126983500646 8.39990634038161 6.27823332597298 6.1070936874277
