0.753311046217783 2.01435466569865 -0.355134460371891 2.02816784264222
-2.21687445114244 0.758396178001042 -1.30618525901170 -0.802519568703793
-1.79224083446114 -0.0420324540227438 2.15004261784474 -1.77023083820321
0.86465359456539 -1.72015589816109 0.134125668141181 -0.0758265646523722
0.85830054437592 0.344900348102270 -0.582452690107777 0.786170375925402
-0.692099286413293 -1.18304353631275 1.26885070606311 -0.312551546011150
0.0305712590978896 -1.48227491274074 -1.12664844337230 -1.76384328816407
-1.06261907921087 -1.34299923949433 0.75499616368565 -0.641488897119284
1.43113232680283 -0.624550715533016 0.228994835913877 0.263180523648015
0.429218298645962 -1.48422012243594 0.180008373889869 2.06106033888960
0.725601620549376 -0.488733903182618 -0.48412126022804 1.84559358619520
0.51543420947092 -1.11478738283505 -0.310148921406503 0.0914314711285621
0.644317276683451 0.374834480973148 0.197526281696195 1.18170978067331
-0.7006546396396 -0.60668499749769 -0.505691854413759 -0.820823512737357
-0.236121136178757 -0.76970360331065 0.719994361384941 1.27995051677442
-0.993679843206021 -0.90608870255214 -1.31823035533395 1.93449431357851
0.678062585563183 -0.402475846197943 0.185543893131347 0.399844594857609
1.64399543506356 -0.0621489942786565 -0.316412768976859 -0.145664989288422
0.703607176191254 0.191685240548738 -1.22787979845534 -0.0659422836547027
-0.785876668506505 -2.94319389477141 -0.627659271278505 -0.553162634374781
1.48961190078680 0.887638190472235 -0.328400349680381 -1.28334613607347
-0.0143846660248952 1.00533794161294 0.403112850999768 1.43250807793894
0.137341139238348 -1.34150706461528 -0.486983894512535 -0.899961461187438
0.320480850960210 0.314729922388788 -1.04079373786278 0.385444205622106
0.797554772638084 -0.553701810045315 0.177313212434988 0.0429850393379165
-0.947407306882517 -1.81671070043765 1.98558168112655 0.816763527228164
-0.999641418373734 0.561122245646893 -0.780051295827419 0.678255014385258
-1.05244440938223 -0.704156257941125 -0.950649365716212 -0.186665704539204
1.23194397896305 -1.35778299595980 -0.310807008761374 1.07223372788143
-1.68795069802900 -0.449290874536239 -0.217818547759328 -2.05011187186522
-0.773689698935534 1.23352810034305 0.637943591350188 1.02742589003499
-0.221802588014138 1.14225973845250 0.258899904765721 -0.497554111364041
0.372102464850655 -1.14349216265980 0.682961179363448 0.773203125369953
-0.525245197196788 -1.12170194880946 -0.49951422256659 0.350968937985019
-0.180223224513139 -3.14878681815321 -1.35657585361655 1.03424376373775
2.57892452300897 -1.22002763754792 0.593855192475026 1.48002687597405
0.594648170235229 -1.00768703318942 0.651475716300321 1.51217968323427
0.112484128773566 0.15510264073353 -1.47067957089930 -1.86550242869631
-0.129814738916835 0.0122153445473173 -1.70788579348749 0.521113056228149
0.948227214346886 1.47561012283988 0.717259745256767 -0.97762660108924
-0.1961569186557 1.19612108096376 -0.495029486443754 2.19175488676206
-1.24046986768681 0.624543059061642 -1.49897569097527 1.34527952005807
0.674458380585369 -0.657825705858419 -0.348781835010634 -0.165434310000102
1.3279203319311 -0.226624012708033 -0.395264738866857 -0.672706824201548
-0.366921609189166 -2.78482453582 1.53205978590972 0.203211547148919
0.0856964087234798 -2.61922662805158 -1.35998226149043 0.904010209523764
0.245495923940593 1.20973225611035 -0.148970013643498 0.282123043894734
0.742066005385613 -0.511361621388162 0.95662775283464 -2.18050194929714
-1.94257676075831 0.81291757772233 0.974892458607518 0.811235082185407
-0.783950046909513 -1.08708207867989 -0.166288412500748 0.596872547540585
2.02107798782357 1.29189399526495 -0.260760882840095 1.33885219439651
0.57186477758663 -0.084940761480479 1.98849597321259 1.47326724517321
1.23427211135984 0.216376159064785 0.289137732239307 0.548953204428914
0.506602096136801 -0.580991778737661 -0.754581142135858 0.731221705269331
-0.259749050223254 0.721430442567432 -0.669886390598952 -0.644406211554397
-1.25426414872494 0.217840861689736 1.05082593899740 -1.52983228781563
1.05525600889197 0.063481247209465 1.50878164070168 0.178681876129666
-0.0135920696625423 -0.119105513036055 0.237466674011916 -0.266056927702028
0.769732618998639 0.84558564875978 0.456373422012645 0.149393568754746
-1.60989586698321 0.121843977425843 -1.14416780976046 -0.744977150560808
