6.90 -0.16 
 6.60  0.28
-4.55 -0.29 
-11.53 -0.98 
 8.94  0.67 
 1.95  0.12 
 0.10  0.06 
-2.03 -0.31 
-7.67 -0.83 
 1.11  0.24 
-6.87 -0.68 
-4.20 -0.27 
-1.04 -0.37 
 3.78  0.26 
 1.88  0.37 
-6.73 -0.81 
 7.41  0.63 
 0.16 -0.06 
 9.35  0.73 
-6.04 -0.59 
-3.91 -0.94 
-3.84 -0.35 
-0.54  0.38 
-4.89 -0.20 
-4.82 -0.50 
 0.69  3.76 
 5.24  3.86 
 2.08  3.71 
 1.36  3.37 
 4.28  3.91 
10.27  4.36 
-8.60  3.52 
 6.92  4.46 
-1.04  3.62 
 8.72  4.29 
-8.12  3.06 
 2.88  4.14 
 4.29  4.69 
 1.88  3.93 
 2.99  4.18 
-3.57  3.60 
-1.63  3.72 
-0.08  3.97 
 5.83  4.52 
 1.07  3.78 
11.69  4.52 
 4.70  4.12 
-5.31  3.55 
 1.73  4.18 
 0.74  3.58 
 4.52  4.31 
 2.90  3.86 
 2.60  3.79 
 0.33  3.87 
 3.68  4.25 
-3.22  3.25 
 7.06  3.80 
-2.62  3.46 
 0.69  3.90 
 3.27  3.97 
 5.24  4.57 
 3.62  3.87 
12.69  4.93 
12.11  4.41 
 7.13  3.87
